  2.011
2.01101
2.01102
2.01102
2.01102
2.01102
2.01102
2.01102
2.01103
2.01103
2.01104
2.01106
2.01107
2.01109
2.01111
2.01113
2.01116
2.01119
2.01122
2.01126
2.01129
2.01133
2.01137
2.01142
2.01146
2.01151
2.01157
2.01162
2.01167
2.01173
2.01179
2.01185
2.01192
2.01198
2.01205
2.01212
2.01219
2.01227
2.01234
2.01242
 2.0125
2.01258
2.01267
2.01276
2.01285
2.01294
2.01303
2.01313
2.01322
2.01332
2.01343
2.01353
2.01363
2.01374
2.01385
2.01396
2.01408
2.01419
2.01431
2.01443
2.01455
2.01468
 2.0148
2.01493
2.01506
2.01519
2.01532
2.01545
2.01559
2.01573
2.01586
2.01601
2.01615
 2.0163
2.01644
2.01659
2.01674
2.01689
2.01705
 2.0172
2.01736
2.01752
2.01768
2.01784
2.01801
2.01818
2.01835
2.01852
2.01869
2.01887
2.01904
2.01922
 2.0194
2.01958
2.01976
2.01995
2.02013
2.02032
2.02051
 2.0207
2.02089
2.02109
2.02129
2.02148
2.02168
2.02188
2.02209
2.02229
 2.0225
2.02271
2.02292
2.02313
2.02334
2.02356
2.02378
2.02399
2.02421
2.02444
2.02466
2.02489
2.02511
2.02534
2.02557
2.02581
2.02604
2.02628
2.02652
2.02675
  2.027
2.02724
2.02748
2.02773
2.02798
2.02823
2.02848
2.02873
2.02899
2.02924
 2.0295
2.02976
2.03002
2.03028
2.03055
2.03081
2.03108
2.03135
2.03162
2.03189
2.03217
2.03244
2.03272
  2.033
2.03328
2.03356
2.03385
2.03413
2.03442
2.03471
  2.035
2.03529
2.03559
2.03589
2.03618
2.03648
2.03678
2.03709
2.03739
 2.0377
  2.038
2.03831
2.03862
2.03893
2.03925
2.03956
2.03988
 2.0402
2.04052
2.04084
2.04116
2.04148
2.04181
2.04214
2.04247
 2.0428
2.04313
2.04346
 2.0438
2.04413
2.04447
2.04481
2.04515
 2.0455
2.04584
2.04619
2.04653
2.04688
2.04723
2.04759
2.04794
 2.0483
2.04865
2.04901
2.04937
2.04973
2.05009
2.05046
2.05082
2.05119
2.05156
2.05193
 2.0523
2.05267
2.05304
2.05342
2.05379
2.05417
2.05455
2.05493
2.05531
2.05569
2.05608
2.05647
2.05685
2.05724
2.05763
2.05802
2.05842
2.05881
2.05921
2.05961
2.06001
2.06041
2.06081
2.06121
2.06162
2.06202
2.06243
2.06284
2.06325
2.06366
2.06407
2.06448
 2.0649
2.06531
2.06573
2.06615
2.06657
2.06699
2.06741
2.06784
2.06826
2.06869
2.06912
2.06955
2.06998
2.07041
2.07084
2.07128
2.07172
2.07215
2.07259
2.07303
2.07348
2.07392
2.07436
2.07481
2.07526
2.07571
2.07616
2.07661
2.07706
2.07752
2.07797
2.07843
2.07889
2.07935
2.07981
2.08027
2.08073
 2.0812
2.08167
2.08213
 2.0826
2.08307
2.08355
2.08402
 2.0845
2.08497
2.08545
2.08593
2.08641
2.08689
2.08738
2.08786
2.08835
2.08884
2.08933
2.08982
2.09032
2.09081
2.09131
2.09181
2.09231
2.09281
2.09331
2.09382
2.09432
2.09483
2.09534
2.09585
2.09636
2.09688
2.09739
2.09791
2.09843
2.09895
2.09947
    2.1
2.10052
2.10105
2.10158
2.10211
2.10264
2.10318
2.10371
2.10425
2.10479
2.10534
2.10588
2.10642
2.10697
2.10752
2.10807
2.10863
2.10918
2.10974
 2.1103
2.11086
2.11143
2.11199
2.11256
2.11313
 2.1137
2.11427
2.11485
2.11543
  2.116
2.11659
2.11717
2.11776
2.11834
2.11893
2.11952
2.12012
2.12071
2.12131
2.12191
2.12252
2.12312
2.12373
2.12434
2.12495
2.12556
2.12618
 2.1268
2.12742
2.12804
2.12867
 2.1293
2.12993
2.13056
 2.1312
2.13184
2.13248
2.13312
2.13377
2.13442
2.13507
2.13572
2.13638
2.13704
 2.1377
2.13836
2.13903
 2.1397
2.14037
2.14104
2.14172
 2.1424
2.14308
2.14376
2.14445
2.14514
2.14583
2.14653
2.14723
2.14793
2.14863
2.14934
2.15005
2.15076
2.15148
 2.1522
2.15292
2.15365
2.15437
 2.1551
2.15584
2.15658
2.15732
2.15806
2.15881
2.15956
2.16031
2.16106
2.16182
2.16258
2.16335
2.16412
2.16489
2.16566
2.16644
2.16722
2.16801
 2.1688
2.16959
2.17038
2.17118
2.17198
2.17279
 2.1736
2.17441
2.17522
2.17604
2.17687
2.17769
2.17852
2.17936
 2.1802
2.18104
2.18188
2.18273
2.18359
2.18444
2.18531
2.18617
2.18704
2.18791
2.18879
2.18967
2.19056
2.19145
2.19234
2.19324
2.19414
2.19505
2.19596
2.19687
2.19779
2.19871
2.19964
2.20057
2.20151
2.20245
 2.2034
2.20435
 2.2053
2.20626
2.20723
 2.2082
2.20917
2.21015
2.21114
2.21213
2.21312
2.21412
2.21513
2.21614
2.21715
2.21818
 2.2192
2.22023
2.22127
2.22232
2.22336
2.22442
2.22548
2.22655
2.22762
 2.2287
2.22978
2.23087
2.23196
2.23307
2.23417
2.23529
2.23641
2.23754
2.23867
2.23981
2.24096
2.24211
2.24327
2.24444
2.24562
 2.2468
2.24799
2.24919
2.25039
 2.2516
2.25282
2.25405
2.25529
2.25653
2.25778
2.25904
2.26031
2.26159
2.26288
2.26417
2.26547
2.26678
2.26811
2.26943
2.27077
2.27212
2.27348
2.27485
2.27622
2.27761
2.27901
2.28041
2.28183
2.28326
 2.2847
2.28615
2.28761
2.28908
2.29056
2.29206
2.29357
2.29509
2.29662
2.29816
2.29972
2.30129
2.30287
2.30447
2.30608
2.30771
2.30934
  2.311
2.31266
2.31435
2.31604
2.31776
2.31949
2.32123
2.32299
2.32477
2.32657
2.32838
2.33021
2.33206
2.33392
2.33581
2.33771
2.33964
2.34158
2.34355
2.34553
2.34754
2.34957
2.35162
 2.3537
 2.3558
2.35792
2.36007
2.36225
2.36445
2.36668
2.36894
2.37122
2.37354
2.37589
2.37826
2.38067
2.38311
2.38559
 2.3881
2.39065
2.39323
2.39586
2.39852
2.40122
2.40397
2.40676
 2.4096
2.41248
2.41541
 2.4184
2.42143
2.42452
2.42767
2.43088
2.43415
2.43749
2.44089
2.44437
2.44792
2.45154
2.45525
2.45905
2.46293
2.46691
2.47099
2.47518
2.47948
2.48389
2.48844
2.49311
2.49792
2.50289
2.50801
 2.5133
2.51877
2.52444
2.53031
 2.5364
2.54273
2.54931
2.55616
2.56331
2.57077
2.57857
2.58673
2.59529
2.60427
2.61371
2.62365
2.63412
2.64517
2.65685
 2.6692
2.68229
2.69618
2.71093
2.72661
2.74331
2.76111
 2.7801
2.80039
2.82209
2.84532
2.87022
2.89693
 2.9256
2.95642
2.98957
3.02526
 3.0637
3.10516
3.14987
3.19814
3.25025
3.30652
3.36729
3.43291
3.50371
3.58005
3.66225
3.75062
3.84541
 3.9468
4.05486
4.16956
4.29068
4.41786
4.55048
4.68772
4.82851
4.97153
5.11524
5.25789
5.39754
5.53214
5.65958
5.77775
5.88462
5.97827
6.05704
 6.1195
6.16455
6.19144
6.20057
6.19279
6.16784
6.12649
6.07026
6.00057
5.91885
5.82688
5.72657
5.61973
5.50809
5.39337
5.27729
5.16141
5.04721
4.93597
 4.8289
 4.7271
4.63154
4.54309
4.46244
4.39016
4.32674
4.27261
4.22819
4.19384
4.16987
4.15639
4.15233
 4.1574
4.17182
4.19528
 4.2273
4.26767
4.31627
4.37277
4.43679
4.50801
4.58609
4.67055
4.76079
4.85609
4.95558
5.05821
5.16275
5.26773
5.37157
5.47256
5.56899
5.65916
5.74137
5.81399
5.87544
5.92435
5.95956
5.98029
5.98713
5.98048
5.95989
5.92587
5.87948
5.82178
5.75395
5.67742
5.59371
5.50437
5.41105
5.31547
5.21936
 5.1244
5.03215
4.94404
4.86138
4.78533
 4.7169
4.65687
4.60581
4.56411
4.53203
4.50976
 4.4974
4.49402
 4.4994
4.51364
4.53631
4.56659
  4.604
4.64818
4.69855
4.75439
4.81498
4.87966
4.94767
5.01816
5.09021
5.16284
5.23508
 5.3059
5.37425
5.43905
5.49929
5.55401
5.60236
5.64359
5.67704
5.70217
5.71861
5.72635
5.72652
5.71901
5.70404
5.68245
5.65527
5.62315
5.58659
5.54625
5.50292
5.45731
5.41005
5.36173
5.31295
5.26428
5.21626
5.16944
5.12435
5.08155
5.04159
  5.005
4.97222
4.94363
4.91956
4.90031
4.88613
 4.8772
4.87326
 4.8737
4.87862
 4.8879
4.90117
4.91797
4.93808
4.96133
4.98751
5.01632
5.04749
5.08071
5.11562
5.15183
5.18886
5.22621
5.26335
5.29968
5.33458
5.36742
5.39757
5.42447
5.44762
5.46655
5.48082
5.49013
 5.4945
5.49448
5.48983
5.48057
5.46706
5.44989
5.42951
5.40626
5.38053
5.35284
5.32374
5.29376
5.26344
 5.2333
5.20385
5.17557
 5.1489
5.12428
 5.1021
5.08273
5.06646
5.05354
5.04411
5.03818
5.03551
5.03584
5.03908
5.04497
5.05325
 5.0634
5.07479
5.08695
5.09953
5.11226
 5.1248
5.13682
5.14802
5.15816
5.16711
5.17482
5.18127
5.18651
 5.1906
5.19365
5.19579
5.19714
5.19783
5.19797
5.19767
5.19704
 5.1962
5.19527
5.19435
5.19356
5.19301
 5.1928
  5.193
5.19365
5.19475
5.19627
5.19812
5.20018
 5.2023
5.20434
5.20615
5.20763
5.20871
5.20934
5.20953
5.20931
5.20872
5.20782
5.20669
5.20537
5.20394
5.20241
5.20083
5.19922
5.19761
5.19602
5.19451
5.19313
5.19192
5.19096
 5.1903
5.18999
5.19007
5.19057
5.19149
5.19282
5.19452
5.19654
5.19882
5.20127
5.20381
5.20638
5.20888
5.21128
5.21351
5.21555
5.21736
5.21893
5.22025
5.22129
5.22206
5.22254
5.22272
5.22259
5.22216
5.22145
 5.2205
5.21935
5.21808
5.21677
 5.2155
5.21437
5.21345
 5.2128
5.21247
5.21247
5.21281
5.21348
5.21445
5.21569
5.21719
5.21891
5.22084
5.22297
5.22527
5.22773
5.23032
5.23299
5.23569
5.23834
5.24087
5.24321
5.24527
5.24701
5.24837
5.24935
5.24993
5.25014
5.25001
5.24959
5.24893
5.24807
5.24708
5.24601
 5.2449
 5.2438
5.24275
5.24179
5.24098
5.24034
5.23991
5.23974
5.23984
5.24022
5.24091
5.24188
5.24313
5.24464
5.24636
5.24825
5.25026
5.25234
5.25444
5.25649
5.25845
5.26027
 5.2619
5.26331
5.26447
5.26535
5.26595
5.26626
5.26627
  5.266
5.26545
5.26465
5.26361
5.26238
  5.261
5.25951
5.25796
5.25642
5.25494
5.25358
5.25239
5.25141
5.25067
5.25018
5.24995
5.24997
5.25024
5.25072
5.25141
5.25226
5.25325
5.25435
5.25553
5.25675
5.25797
5.25915
5.26026
5.26125
5.26207
5.26269
5.26307
 5.2632
5.26306
5.26263
5.26193
5.26097
5.25977
5.25836
5.25677
5.25505
5.25322
5.25134
5.24944
5.24758
5.24578
 5.2441
5.24256
 5.2412
5.24005
5.23913
5.23844
  5.238
 5.2378
5.23782
5.23805
5.23845
  5.239
5.23965
5.24036
5.24108
5.24177
 5.2424
5.24292
5.24329
 5.2435
5.24353
5.24335
5.24296
5.24236
5.24154
5.24052
 5.2393
 5.2379
5.23634
5.23464
5.23284
5.23098
5.22909
5.22721
 5.2254
5.22369
5.22213
5.22074
5.21957
5.21861
5.21789
5.21741
5.21715
 5.2171
5.21725
5.21757
5.21803
 5.2186
5.21924
5.21992
5.22062
5.22128
5.22189
5.22241
5.22282
5.22308
 5.2232
5.22314
5.22292
5.22252
5.22195
5.22123
5.22037
5.21939
5.21832
5.21719
5.21603
5.21487
5.21374
5.21269
5.21173
 5.2109
5.21022
5.20971
5.20939
5.20926
5.20932
5.20958
5.21002
5.21064
5.21141
5.21232
5.21335
5.21445
5.21562
5.21681
  5.218
5.21916
5.22025
5.22126
5.22215
5.22292
5.22355
5.22404
5.22438
5.22457
5.22463
5.22456
5.22439
5.22412
5.22378
 5.2234
5.22301
5.22263
5.22229
5.22202
5.22184
5.22179
5.22187
5.22211
5.22251
5.22308
5.22382
5.22471
5.22577
5.22696
5.22827
5.22968
5.23118
5.23273
5.23431
 5.2359
5.23746