3.5601
3.5602
3.5603
3.5604
3.5605
3.5606
3.5607
3.5608
3.5609
 3.561
3.5611
3.5612
3.5613
3.5614
3.5615
3.5616
3.5617
3.5618
3.5619
 3.562
3.5621
3.5622
3.5623
3.5624
3.5625
3.5626
3.5627
3.5628
3.5629
 3.563
3.5631
3.5632
3.5633
3.5634
3.5635
3.5636
3.5637
3.5638
3.5639
 3.564
3.5641
3.5642
3.5643
3.5644
3.5645
3.5646
3.5647
3.5648
3.5649
 3.565
3.5651
3.5652
3.5653
3.5654
3.5655
3.5656
3.5657
3.5658
3.5659
 3.566
3.5661
3.5662
3.5663
3.5664
3.5665
3.5666
3.5667
3.5668
3.5669
 3.567
3.5671
3.5672
3.5673
3.5674
3.5675
3.5676
3.5677
3.5678
3.5679
 3.568
3.5681
3.5682
3.5683
3.5684
3.5685
3.5686
3.5687
3.5688
3.5689
 3.569
3.5691
3.5692
3.5693
3.5694
3.5695
3.5696
3.5697
3.5698
3.5699
  3.57
3.5701
3.5702
3.5703
3.5704
3.5705
3.5706
3.5707
3.5708
3.5709
 3.571
3.5711
3.5712
3.5713
3.5714
3.5715
3.5716
3.5717
3.5718
3.5719
 3.572
3.5721
3.5722
3.5723
3.5724
3.5725
3.5726
3.5727
3.5728
3.5729
 3.573
3.5731
3.5732
3.5733
3.5734
3.5735
3.5736
3.5737
3.5738
3.5739
 3.574
3.5741
3.5742
3.5743
3.5744
3.5745
3.5746
3.5747
3.5748
3.5749
 3.575
3.5751
3.5752
3.5753
3.5754
3.5755
3.5756
3.5757
3.5758
3.5759
 3.576
3.5761
3.5762
3.5763
3.5764
3.5765
3.5766
3.5767
3.5768
3.5769
 3.577
3.5771
3.5772
3.5773
3.5774
3.5775
3.5776
3.5777
3.5778
3.5779
 3.578
3.5781
3.5782
3.5783
3.5784
3.5785
3.5786
3.5787
3.5788
3.5789
 3.579
3.5791
3.5792
3.5793
3.5794
3.5795
3.5796
3.5797
3.5798
3.5799
  3.58
3.5801
3.5802
3.5803
3.5804
3.5805
3.5806
3.5807
3.5808
3.5809
 3.581
3.5811
3.5812
3.5813
3.5814
3.5815
3.5816
3.5817
3.5818
3.5819
 3.582
3.5821
3.5822
3.5823
3.5824
3.5825
3.5826
3.5827
3.5828
3.5829
 3.583
3.5831
3.5832
3.5833
3.5834
3.5835
3.5836
3.5837
3.5838
3.5839
 3.584
3.5841
3.5842
3.5843
3.5844
3.5845
3.5846
3.5847
3.5848
3.5849
 3.585
3.5851
3.5852
3.5853
3.5854
3.5855
3.5856
3.5857
3.5858
3.5859
 3.586
3.5861
3.5862
3.5863
3.5864
3.5865
3.5866
3.5867
3.5868
3.5869
 3.587
3.5871
3.5872
3.5873
3.5874
3.5875
3.5876
3.5877
3.5878
3.5879
 3.588
3.5881
3.5882
3.5883
3.5884
3.5885
3.5886
3.5887
3.5888
3.5889
 3.589
3.5891
3.5892
3.5893
3.5894
3.5895
3.5896
3.5897
3.5898
3.5899
  3.59
3.5901
3.5902
3.5903
3.5904
3.5905
3.5906
3.5907
3.5908
3.5909
 3.591
3.5911
3.5912
3.5913
3.5914
3.5915
3.5916
3.5917
3.5918
3.5919
 3.592
3.5921
3.5922
3.5923
3.5924
3.5925
3.5926
3.5927
3.5928
3.5929
 3.593
3.5931
3.5932
3.5933
3.5934
3.5935
3.5936
3.5937
3.5938
3.5939
 3.594
3.5941
3.5942
3.5943
3.5944
3.5945
3.5946
3.5947
3.5948
3.5949
 3.595
3.5951
3.5952
3.5953
3.5954
3.5955
3.5956
3.5957
3.5958
3.5959
 3.596
3.5961
3.5962
3.5963
3.5964
3.5965
3.5966
3.5967
3.5968
3.5969
 3.597
3.5971
3.5972
3.5973
3.5974
3.5975
3.5976
3.5977
3.5978
3.5979
 3.598
3.5981
3.5982
3.5983
3.5984
3.5985
3.5986
3.5987
3.5988
3.5989
 3.599
3.5991
3.5992
3.5993
3.5994
3.5995
3.5996
3.5997
3.5998
3.5999
   3.6
3.6001
3.6002
3.6003
3.6004
3.6005
3.6006
3.6007
3.6008
3.6009
 3.601
3.6011
3.6012
3.6013
3.6014
3.6015
3.6016
3.6017
3.6018
3.6019
 3.602
3.6021
3.6022
3.6023
3.6024
3.6025
3.6026
3.6027
3.6028
3.6029
 3.603
3.6031
3.6032
3.6033
3.6034
3.6035
3.6036
3.6037
3.6038
3.6039
 3.604
3.6041
3.6042
3.6043
3.6044
3.6045
3.6046
3.6047
3.6048
3.6049
 3.605
3.6051
3.6052
3.6053
3.6054
3.6055
3.6056
3.6057
3.6058
3.6059
 3.606
3.6061
3.6062
3.6063
3.6064
3.6065
3.6066
3.6067
3.6068
3.6069
 3.607
3.6071
3.6072
3.6073
3.6074
3.6075
3.6076
3.6077
3.6078
3.6079
 3.608
3.6081
3.6082
3.6083
3.6084
3.6085
3.6086
3.6087
3.6088
3.6089
 3.609
3.6091
3.6092
3.6093
3.6094
3.6095
3.6096
3.6097
3.6098
3.6099
  3.61
3.6101
3.6102
3.6103
3.6104
3.6105
3.6106
3.6107
3.6108
3.6109
 3.611
3.6111
3.6112
3.6113
3.6114
3.6115
3.6116
3.6117
3.6118
3.6119
 3.612
3.6121
3.6122
3.6123
3.6124
3.6125
3.6126
3.6127
3.6128
3.6129
 3.613
3.6131
3.6132
3.6133
3.6134
3.6135
3.6136
3.6137
3.6138
3.6139
 3.614
3.6141
3.6142
3.6143
3.6144
3.6145
3.6146
3.6147
3.6148
3.6149
 3.615
3.6151
3.6152
3.6153
3.6154
3.6155
3.6156
3.6157
3.6158
3.6159
 3.616
3.6161
3.6162
3.6163
3.6164
3.6165
3.6166
3.6167
3.6168
3.6169
 3.617
3.6171
3.6172
3.6173
3.6174
3.6175
3.6176
3.6177
3.6178
3.6179
 3.618
3.6181
3.6182
3.6183
3.6184
3.6185
3.6186
3.6187
3.6188
3.6189
 3.619
3.6191
3.6192
3.6193
3.6194
3.6195
3.6196
3.6197
3.6198
3.6199
  3.62
3.6201
3.6202
3.6203
3.6204
3.6205
3.6206
3.6207
3.6208
3.6209
 3.621
3.6211
3.6212
3.6213
3.6214
3.6215
3.6216
3.6217
3.6218
3.6219
 3.622
3.6221
3.6222
3.6223
3.6224
3.6225
3.6226
3.6227
3.6228
3.6229
 3.623
3.6231
3.6232
3.6233
3.6234
3.6235
3.6236
3.6237
3.6238
3.6239
 3.624
3.6241
3.6242
3.6243
3.6244
3.6245
3.6246
3.6247
3.6248
3.6249
 3.625
3.6251
3.6252
3.6253
3.6254
3.6255
3.6256
3.6257
3.6258
3.6259
 3.626
3.6261
3.6262
3.6263
3.6264
3.6265
3.6266
3.6267
3.6268
3.6269
 3.627
3.6271
3.6272
3.6273
3.6274
3.6275
3.6276
3.6277
3.6278
3.6279
 3.628
3.6281
3.6282
3.6283
3.6284
3.6285
3.6286
3.6287
3.6288
3.6289
 3.629
3.6291
3.6292
3.6293
3.6294
3.6295
3.6296
3.6297
3.6298
3.6299
  3.63
3.6301
3.6302
3.6303
3.6304
3.6305
3.6306
3.6307
3.6308
3.6309
 3.631
3.6311
3.6312
3.6313
3.6314
3.6315
3.6316
3.6317
3.6318
3.6319
 3.632
3.6321
3.6322
3.6323
3.6324
3.6325
3.6326
3.6327
3.6328
3.6329
 3.633
3.6331
3.6332
3.6333
3.6334
3.6335
3.6336
3.6337
3.6338
3.6339
 3.634
3.6341
3.6342
3.6343
3.6344
3.6345
3.6346
3.6347
3.6348
3.6349
 3.635
3.6351
3.6352
3.6353
3.6354
3.6355
3.6356
3.6357
3.6358
3.6359
 3.636
3.6361
3.6362
3.6363
3.6364
3.6365
3.6366
3.6367
3.6368
3.6369
 3.637
3.6371
3.6372
3.6373
3.6374
3.6375
3.6376
3.6377
3.6378
3.6379
 3.638
3.6381
3.6382
3.6383
3.6384
3.6385
3.6386
3.6387
3.6388
3.6389
 3.639
3.6391
3.6392
3.6393
3.6394
3.6395
3.6396
3.6397
3.6398
3.6399
  3.64
3.6401
3.6402
3.6403
3.6404
3.6405
3.6406
3.6407
3.6408
3.6409
 3.641
3.6411
3.6412
3.6413
3.6414
3.6415
3.6416
3.6417
3.6418
3.6419
 3.642
3.6421
3.6422
3.6423
3.6424
3.6425
3.6426
3.6427
3.6428
3.6429
 3.643
3.6431
3.6432
3.6433
3.6434
3.6435
3.6436
3.6437
3.6438
3.6439
 3.644
3.6441
3.6442
3.6443
3.6444
3.6445
3.6446
3.6447
3.6448
3.6449
 3.645
3.6451
3.6452
3.6453
3.6454
3.6455
3.6456
3.6457
3.6458
3.6459
 3.646
3.6461
3.6462
3.6463
3.6464
3.6465
3.6466
3.6467
3.6468
3.6469
 3.647
3.6471
3.6472
3.6473
3.6474
3.6475
3.6476
3.6477
3.6478
3.6479
 3.648
3.6481
3.6482
3.6483
3.6484
3.6485
3.6486
3.6487
3.6488
3.6489
 3.649
3.6491
3.6492
3.6493
3.6494
3.6495
3.6496
3.6497
3.6498
3.6499
  3.65
3.6501
3.6502
3.6503
3.6504
3.6505
3.6506
3.6507
3.6508
3.6509
 3.651
3.6511
3.6512
3.6513
3.6514
3.6515
3.6516
3.6517
3.6518
3.6519
 3.652
3.6521
3.6522
3.6523
3.6524
3.6525
3.6526
3.6527
3.6528
3.6529
 3.653
3.6531
3.6532
3.6533
3.6534
3.6535
3.6536
3.6537
3.6538
3.6539
 3.654
3.6541
3.6542
3.6543
3.6544
3.6545
3.6546
3.6547
3.6548
3.6549
 3.655
3.6551
3.6552
3.6553
3.6554
3.6555
3.6556
3.6557
3.6558
3.6559
 3.656
3.6561
3.6562
3.6563
3.6564
3.6565
3.6566
3.6567
3.6568
3.6569
 3.657
3.6571
3.6572
3.6573
3.6574
3.6575
3.6576
3.6577
3.6578
3.6579
 3.658
3.6581
3.6582
3.6583
3.6584
3.6585
3.6586
3.6587
3.6588
3.6589
 3.659
3.6591
3.6592
3.6593
3.6594
3.6595
3.6596
3.6597
3.6598
3.6599
  3.66
3.6601
3.6602
3.6603
3.6604
3.6605
3.6606
3.6607
3.6608
3.6609
 3.661
3.6611
3.6612
3.6613
3.6614
3.6615
3.6616
3.6617
3.6618
3.6619
 3.662
3.6621
3.6622
3.6623
3.6624
3.6625
3.6626
3.6627
3.6628
3.6629
 3.663
3.6631
3.6632
3.6633
3.6634
3.6635
3.6636
3.6637
3.6638
3.6639
 3.664
3.6641
3.6642
3.6643
3.6644
3.6645
3.6646
3.6647
3.6648
3.6649
 3.665
3.6651
3.6652
3.6653
3.6654
3.6655
3.6656
3.6657
3.6658
3.6659
 3.666
3.6661
3.6662
3.6663
3.6664
3.6665
3.6666
3.6667
3.6668
3.6669
 3.667
3.6671
3.6672
3.6673
3.6674
3.6675
3.6676
3.6677
3.6678
3.6679
 3.668
3.6681
3.6682
3.6683
3.6684
3.6685
3.6686
3.6687
3.6688
3.6689
 3.669
3.6691
3.6692
3.6693
3.6694
3.6695
3.6696
3.6697
3.6698
3.6699
  3.67
3.6701
3.6702
3.6703
3.6704
3.6705
3.6706
3.6707
3.6708
3.6709
 3.671
3.6711
3.6712
3.6713
3.6714
3.6715
3.6716
3.6717
3.6718
3.6719
 3.672
3.6721
3.6722
3.6723
3.6724
3.6725
3.6726
3.6727
3.6728
3.6729
 3.673
3.6731
3.6732
3.6733
3.6734
3.6735
3.6736
3.6737
3.6738
3.6739
 3.674
3.6741
3.6742
3.6743
3.6744
3.6745
3.6746
3.6747
3.6748
3.6749
 3.675
3.6751
3.6752
3.6753
3.6754
3.6755
3.6756
3.6757
3.6758
3.6759
 3.676
3.6761
3.6762
3.6763
3.6764
3.6765
3.6766
3.6767
3.6768
3.6769
 3.677
3.6771
3.6772
3.6773
3.6774
3.6775
3.6776
3.6777
3.6778
3.6779
 3.678
3.6781
3.6782
3.6783
3.6784
3.6785
3.6786
3.6787
3.6788
3.6789
 3.679
3.6791
3.6792
3.6793
3.6794
3.6795
3.6796
3.6797
3.6798
3.6799
  3.68